Shader "GPUSkinning/GPUSkinning_Unlit_Skin4_1"
{
	Properties
	{
		_MainTex ("Texture", 2D) = "white" {}
	}

	CGINCLUDE
	#include "UnityCG.cginc"
	#include "Assets/GPUSkinning/Resources/GPUSkinningInclude.cginc"

	struct appdata
	{
		float4 vertex : POSITION;
		float2 uv : TEXCOORD0;
		float4 uv2 : TEXCOORD1;
		float4 uv3 : TEXCOORD2;
		UNITY_VERTEX_INPUT_INSTANCE_ID
	};

	struct v2f
	{
		float2 uv : TEXCOORD0;
		float4 vertex : SV_POSITION;
	};

	sampler2D _MainTex;
	float4 _MainTex_ST;

	v2f vert(appdata v)
	{
		UNITY_SETUP_INSTANCE_ID(v);

		v2f o;
		
		float4 pos = skin4(v.vertex, v.uv2, v.uv3);

		int i = v.uv2.x;

		float4x4 ms[67];
		ms[0] = float4x4(
			1, 0, 0, 0,
			0, -1.192093E-07, 1, 0,
			0, -1, -1.192093E-07, 0,
			0, 0, 0, 1
			);


		ms[1] = float4x4(
			0.768163, -0.6402092, 0.00758856, -0.1266769,
			-0.06263584, -0.06334828, 0.9960241, 0.8206499,
			-0.637183, -0.7655842, -0.08876186, 0.04841574,
			0, 0, 0, 1
			);


		ms[2] = float4x4(
			0.9999999, -1.09055E-07, 1.270086E-09, -0.1266769,
			1.275695E-09, -1.059453E-07, 1, -0.001490634,
			-4.366151E-08, -1, -1.117011E-07, 0.04841584,
			0, 0, 0, 1
			);


		ms[3] = float4x4(
			0.6402104, 0.7681621, 0.00758844, -0.1539965,
			0.06334681, -0.06263462, 0.9960243, -0.141391,
			0.7655835, -0.6371842, -0.08875996, 0.1508638,
			0, 0, 0, 1
			);


		ms[4] = float4x4(
			0.5591496, 0.8288754, -0.0178025, -0.1277363,
			0.07939616, -0.03216075, 0.9963244, -0.1425122,
			0.8252562, -0.5585077, -0.08379223, 0.1433708,
			0, 0, 0, 1
			);


		ms[5] = float4x4(
			0.1111692, 0.7262548, 0.6783769, -0.85634,
			-0.2487023, -0.6405571, 0.7265219, 0.10262,
			0.9621793, -0.2494807, 0.1094109, -0.03072722,
			0, 0, 0, 1
			);


		ms[6] = float4x4(
			0.006460791, 0.9539116, -0.3000178, -0.3562874,
			-0.01781997, 0.3000863, 0.9537455, -0.01676982,
			0.9998205, -0.0008156813, 0.01893742, 0.01476719,
			0, 0, 0, 1
			);


		ms[7] = float4x4(
			0.4889368, 0.8709247, -0.04929812, -0.274066,
			-0.1236325, 0.125129, 0.9844073, -0.0286857,
			0.8635135, -0.4752182, 0.1688548, 0.007302396,
			0, 0, 0, 1
			);


		ms[8] = float4x4(
			0.4325588, 0.9016032, 0.002002212, -0.2880386,
			-0.0006588719, -0.001904597, 0.9999981, 0.0003202892,
			0.9016055, -0.4325592, -0.0002298526, 0.01829429,
			0, 0, 0, 1
			);


		ms[9] = float4x4(
			0.9966041, 0.002002212, -0.0823161, -0.4968051,
			-0.002014306, 0.999998, -6.417233E-05, -0.0008054678,
			-0.08231575, -0.0002297893, -0.9966063, -0.2022417,
			0, 0, 0, 1
			);


		ms[10] = float4x4(
			0.5923908, 0.8005041, -0.09091859, -0.05474539,
			0.2960319, -0.1113234, 0.9486688, -0.1181916,
			0.7492919, -0.5888973, -0.3029217, 0.358403,
			0, 0, 0, 1
			);


		ms[11] = float4x4(
			0.7133828, 0.5099033, -0.4807112, 0.1457256,
			0.1816123, 0.5280113, 0.8295912, -0.05933638,
			0.6768322, -0.679119, 0.2840693, 0.05824289,
			0, 0, 0, 1
			);


		ms[12] = float4x4(
			0.678511, 0.7188948, -0.1510396, 0.09399255,
			0.1131589, 0.1008697, 0.9884436, -0.02690554,
			0.7258223, -0.6877611, -0.01290822, 0.08532654,
			0, 0, 0, 1
			);


		ms[13] = float4x4(
			0.7978107, 0.6002414, -0.05664052, 0.0593305,
			0.0534328, 0.02318262, 0.9983026, -0.01325638,
			0.6005356, -0.7994826, -0.01357723, 0.1153427,
			0, 0, 0, 1
			);


		ms[14] = float4x4(
			0.2760008, -0.05664063, 0.959487, 0.2343741,
			0.002587464, 0.9983026, 0.05818774, -0.001449446,
			-0.9611537, -0.0135772, 0.2756791, 0.3632163,
			0, 0, 0, 1
			);


		ms[15] = float4x4(
			0.6606331, 0.7373368, -0.1410609, 0.03186053,
			0.07612312, 0.121139, 0.9897125, -0.1380657,
			0.7468393, -0.6645749, 0.02390003, 0.008768549,
			0, 0, 0, 1
			);


		ms[16] = float4x4(
			-0.2132521, 0.9685495, -0.1281995, -0.0002085887,
			-0.04777315, 0.1207235, 0.9915361, -0.1407723,
			0.9758285, 0.2175716, 0.02052608, -0.03508428,
			0, 0, 0, 1
			);


		ms[17] = float4x4(
			0.2910312, 0.9326082, -0.2134071, 0.1352179,
			-0.05940465, 0.2402479, 0.9688922, -0.1119383,
			0.9548674, -0.2693004, 0.1253208, -0.1722011,
			0, 0, 0, 1
			);


		ms[18] = float4x4(
			0.2134075, -0.9326077, -0.2910321, -0.1935076,
			-0.9688923, -0.2402479, 0.05940303, 1.628557,
			-0.1253196, 0.2693017, -0.9548672, 0.03627025,
			0, 0, 0, 1
			);


		ms[19] = float4x4(
			0.2562068, 0.9413235, -0.2196997, 0.1456443,
			-0.0433553, 0.2382482, 0.9702363, -0.114154,
			0.9656492, -0.2390559, 0.1018521, -0.1331316,
			0, 0, 0, 1
			);


		ms[20] = float4x4(
			0.3619365, 0.8685918, -0.3384525, 0.3868779,
			-0.07210264, 0.3880641, 0.9188076, -0.07173472,
			0.9294102, -0.3081467, 0.2030823, -0.2939063,
			0, 0, 0, 1
			);


		ms[21] = float4x4(
			0.3958168, 0.8481649, -0.3520583, 0.4211345,
			-0.08098381, 0.4141134, 0.9066157, -0.06679039,
			0.9147517, -0.3303426, 0.2326005, -0.3296082,
			0, 0, 0, 1
			);


		ms[22] = float4x4(
			0.4069531, 0.8739572, -0.2656831, 0.2788603,
			-0.09345026, 0.3291644, 0.9396372, -0.05485756,
			0.9086563, -0.3575601, 0.2156259, -0.2861539,
			0, 0, 0, 1
			);


		ms[23] = float4x4(
			0.6712564, 0.7383486, -0.06523828, -0.07961292,
			-0.05838871, 0.1404127, 0.9883699, -0.1428529,
			0.738922, -0.6596404, 0.1373642, -0.1592419,
			0, 0, 0, 1
			);


		ms[24] = float4x4(
			0.1145389, 0.9933946, 0.006939666, -0.3031047,
			0.2340026, -0.0337683, 0.9716495, -0.05235089,
			0.9654655, -0.1096677, -0.2363248, 0.3684735,
			0, 0, 0, 1
			);


		ms[25] = float4x4(
			0.5910797, 0.6580271, 0.4665031, -0.6727902,
			0.09630889, -0.6317847, 0.7691377, 0.2149558,
			0.8008428, -0.4096933, -0.4368091, 0.5922279,
			0, 0, 0, 1
			);


		ms[26] = float4x4(
			0.5625021, 0.5446253, 0.6220731, -0.8481592,
			0.15786, -0.8092944, 0.5657943, 0.4816218,
			0.811586, -0.2200599, -0.5412042, 0.6968582,
			0, 0, 0, 1
			);


		ms[27] = float4x4(
			0.9419506, 0.008685308, 0.3356398, -0.3283357,
			-0.1265783, -0.9167179, 0.378955, 0.5438879,
			0.3109783, -0.3994415, -0.8624033, 0.7978521,
			0, 0, 0, 1
			);


		ms[28] = float4x4(
			0.9457397, -0.06437194, 0.3184862, -0.3063387,
			-0.1619991, -0.9430811, 0.2904393, 0.6169074,
			0.2816621, -0.3262741, -0.9023373, 0.8209724,
			0, 0, 0, 1
			);


		ms[29] = float4x4(
			0.6834555, -0.1371438, -0.7169945, -0.50521,
			0.2390551, -0.8859875, 0.397341, 0.9528899,
			-0.6897407, -0.4429658, -0.5727479, -0.2234046,
			0, 0, 0, 1
			);


		ms[30] = float4x4(
			0.3532159, 0.4772524, 0.8046545, -1.149812,
			0.1003123, -0.8744566, 0.4746192, 0.5470229,
			0.9301487, -0.08692607, -0.3567463, 0.5656689,
			0, 0, 0, 1
			);


		ms[31] = float4x4(
			0.05588115, 0.5878388, 0.8070458, -1.328074,
			0.09145942, -0.8079244, 0.5821458, 0.4320373,
			0.99424, 0.04128099, -0.09891114, 0.3404001,
			0, 0, 0, 1
			);


		ms[32] = float4x4(
			0.6334583, 0.4012898, 0.6615868, -0.5596357,
			0.5273406, 0.401809, -0.7486398, 0.8694304,
			-0.5662532, 0.8231137, 0.04291295, -0.2885569,
			0, 0, 0, 1
			);


		ms[33] = float4x4(
			0.3844487, 0.8848437, -0.2631553, 0.1458199,
			-0.07179741, 0.3128599, 0.9470819, -0.1251496,
			0.9203503, -0.3452104, 0.1838078, -0.2009309,
			0, 0, 0, 1
			);


		ms[34] = float4x4(
			0.5030414, 0.8495267, -0.1589135, 0.06076701,
			0.01027113, 0.1779825, 0.9839799, -0.1173238,
			0.8642014, -0.4966148, 0.08080676, -0.05914431,
			0, 0, 0, 1
			);


		ms[35] = float4x4(
			0.7193993, 0.6944488, 0.01432744, 0.01032115,
			0.07717931, -0.1004171, 0.9919475, -0.01754227,
			0.6902956, -0.7125003, -0.1258374, 0.1519079,
			0, 0, 0, 1
			);


		ms[36] = float4x4(
			0.6841253, 0.6834831, -0.2546043, 0.2021932,
			0.2245154, 0.1347846, 0.9651043, -0.1086514,
			0.6939493, -0.7174146, -0.06124296, 0.1400272,
			0, 0, 0, 1
			);


		ms[37] = float4x4(
			0.537467, 0.8041078, 0.254047, -0.5118805,
			-0.04527463, -0.2733092, 0.9608604, -0.01963947,
			0.8420686, -0.5279325, -0.1104889, 0.1681206,
			0, 0, 0, 1
			);


		ms[38] = float4x4(
			0.1711846, 0.7586685, 0.6285841, -0.8450683,
			0.1212937, -0.6493767, 0.7507317, 0.2235028,
			0.977744, -0.05227044, -0.2031849, 0.1855713,
			0, 0, 0, 1
			);


		ms[39] = float4x4(
			0.06526243, 0.5886316, 0.8057631, -0.9715238,
			-0.3655822, -0.7372376, 0.568182, 0.6759113,
			0.9284883, -0.3316535, 0.1670795, -0.1717046,
			0, 0, 0, 1
			);


		ms[40] = float4x4(
			-0.4778945, 0.3309694, 0.8136809, -0.6968212,
			-0.02329945, -0.9307536, 0.364905, 0.7309248,
			0.8781083, 0.1554277, 0.4525134, -0.4737628,
			0, 0, 0, 1
			);


		ms[41] = float4x4(
			-0.2217978, 0.8745257, 0.4312905, -0.4572932,
			-0.1745687, -0.4707742, 0.8648112, 0.2826129,
			0.9593391, 0.1165236, 0.2570814, -0.3147735,
			0, 0, 0, 1
			);


		ms[42] = float4x4(
			0.4451076, 0.8827921, -0.1501947, -0.1230262,
			0.8795915, -0.3995647, 0.2582013, 1.016248,
			-0.1679254, 0.2470375, 0.9543447, 0.455423,
			0, 0, 0, 1
			);


		ms[43] = float4x4(
			-0.2304081, 0.7428647, 0.6285416, -0.6322051,
			-0.8428592, -0.4751591, 0.2526121, 1.253085,
			0.4863136, -0.471568, 0.7356107, -0.4961984,
			0, 0, 0, 1
			);


		ms[44] = float4x4(
			-0.5484877, 0.7878811, 0.2800092, -0.1135312,
			-0.7300088, -0.287914, -0.6198332, 2.031648,
			-0.4077365, -0.5443799, 0.733077, 0.01744366,
			0, 0, 0, 1
			);


		ms[45] = float4x4(
			-0.07884408, 0.5715657, 0.81676, -0.09163512,
			-0.8696285, 0.3611203, -0.3366586, 1.034078,
			0.4873707, 0.7368211, -0.4685775, 0.4437888,
			0, 0, 0, 1
			);


		ms[46] = float4x4(
			-0.1682334, 0.9356281, -0.3103187, 0.3552395,
			-0.1146296, 0.2941011, 0.9488755, -0.04071841,
			0.9790596, 0.1952042, 0.05777303, -0.1437285,
			0, 0, 0, 1
			);


		ms[47] = float4x4(
			0.2404002, 0.838038, -0.4897962, 0.4279731,
			-0.4193491, 0.5447413, 0.7262257, 0.2516209,
			0.8754169, 0.03081083, 0.4823863, -0.5307295,
			0, 0, 0, 1
			);


		ms[48] = float4x4(
			0.6681572, 0.7366923, -0.1041634, -0.01847031,
			0.1875475, -0.03128576, 0.9817572, -0.1154163,
			0.7199941, -0.6755039, -0.1590685, 0.2756577,
			0, 0, 0, 1
			);


		ms[49] = float4x4(
			0.6514489, 0.728491, 0.2119319, -0.4566025,
			-0.02192785, -0.2611431, 0.9650512, -0.0669984,
			0.7583756, -0.6333285, -0.1541472, 0.2641958,
			0, 0, 0, 1
			);


		ms[50] = float4x4(
			0.5783255, 0.8143979, 0.04790827, -0.2345221,
			0.0785208, -0.11402, 0.9903708, -0.0966336,
			0.8120185, -0.5689946, -0.129888, 0.2015913,
			0, 0, 0, 1
			);


		ms[51] = float4x4(
			0.6402103, 0.7681623, 0.007586592, -0.1539948,
			0.06334966, -0.06263459, 0.9960242, -0.1413909,
			0.7655832, -0.6371844, -0.08876213, 0.1508659,
			0, 0, 0, 1
			);


		ms[52] = float4x4(
			0.7327607, 0.5977958, -0.3251179, 0.06474422,
			0.2046118, 0.2621073, 0.9430981, -0.1540138,
			0.6489959, -0.7575881, 0.06974588, 0.07382027,
			0, 0, 0, 1
			);


		ms[53] = float4x4(
			0.8454907, 0.5115345, -0.1532244, -0.04853052,
			0.09367748, 0.140406, 0.9856526, -0.1307515,
			0.525709, -0.8477136, 0.07079273, 0.118941,
			0, 0, 0, 1
			);


		ms[54] = float4x4(
			0.4392671, 0.8888332, 0.1304607, -0.2635989,
			-0.05814742, -0.1167862, 0.9914537, -0.1439452,
			0.8964728, -0.4430988, 0.0003829735, 0.08557343,
			0, 0, 0, 1
			);


		ms[55] = float4x4(
			0.5592802, 0.7847025, -0.2672967, 0.02310786,
			0.3635128, 0.05763749, 0.9298046, -0.07522996,
			0.7450264, -0.617187, -0.2530138, 0.2544963,
			0, 0, 0, 1
			);


		ms[56] = float4x4(
			0.7969086, 0.5871477, 0.1421066, -0.201738,
			-0.07407309, -0.1384891, 0.9875901, -0.1327184,
			0.5995414, -0.7975452, -0.06687128, 0.138408,
			0, 0, 0, 1
			);


		ms[57] = float4x4(
			0.4154254, 0.8949692, 0.1626391, -0.2857997,
			0.1511278, -0.2442203, 0.9578711, -0.1181084,
			0.8969851, -0.3733447, -0.2367101, 0.3082294,
			0, 0, 0, 1
			);


		ms[58] = float4x4(
			0.5502078, 0.6784719, -0.4867721, 0.1759076,
			0.5235052, 0.1738841, 0.8340904, -0.02164281,
			0.6505487, -0.7137511, -0.2595112, 0.3183095,
			0, 0, 0, 1
			);


		ms[59] = float4x4(
			0.7532808, 0.531801, -0.3869822, 0.07192705,
			0.4247076, 0.05594822, 0.9036002, -0.05673224,
			0.5021865, -0.8450194, -0.1837151, 0.2863613,
			0, 0, 0, 1
			);


		ms[60] = float4x4(
			0.4029118, 0.8909854, 0.2093003, -0.4094834,
			-0.4194289, -0.02350641, 0.907484, -0.1422421,
			0.8134748, -0.4534225, 0.364234, -0.2727518,
			0, 0, 0, 1
			);


		ms[61] = float4x4(
			0.6242024, 0.5614218, 0.5433017, -0.573465,
			-0.2339831, -0.5291545, 0.8156273, 0.02423749,
			0.7454012, -0.6362398, -0.1989363, 0.1540751,
			0, 0, 0, 1
			);


		ms[62] = float4x4(
			0.6942315, 0.3848531, 0.608219, -0.5633674,
			-0.3338388, -0.5764688, 0.7458121, 0.04440401,
			0.6376473, -0.7208133, -0.2717238, 0.1797103,
			0, 0, 0, 1
			);


		ms[63] = float4x4(
			0.8451691, 0.5091329, -0.1627045, 0.04110965,
			0.1657351, 0.03977277, 0.9853682, -0.1532459,
			0.5081545, -0.8597686, -0.05076648, 0.1642147,
			0, 0, 0, 1
			);


		ms[64] = float4x4(
			0.9106019, 0.3897583, -0.1374496, 0.04505759,
			0.09332352, 0.1300712, 0.9871032, -0.1710365,
			0.4026099, -0.9116853, 0.08206946, 0.0793652,
			0, 0, 0, 1
			);


		ms[65] = float4x4(
			0.9709979, 0.2343515, -0.04735065, 0.03089471,
			0.05531351, -0.02751891, 0.99809, -0.131978,
			0.2326008, -0.9717624, -0.03968368, 0.1779577,
			0, 0, 0, 1
			);


		ms[66] = float4x4(
			-0.2605622, 0.5050117, -0.822843, 0.4832673,
			-0.8725344, 0.2416478, 0.4246061, -0.2571025,
			0.4132694, 0.8285952, 0.3776757, 0.4421204,
			0, 0, 0, 1
			);


		ms[0] = float4x4(
			1, 0, 0, 0,
			0, -1.192093E-07, 1, 0,
			0, -1, -1.192093E-07, 0,
			0, 0, 0, 1
			);


		ms[1] = float4x4(
			0.976008, -0.206256, -0.06976184, -0.221385,
			0.05968897, -0.05466998, 0.9967189, 0.7447019,
			-0.2093932, -0.9769697, -0.04104713, 0.05787318,
			0, 0, 0, 1
			);


		ms[2] = float4x4(
			0.9999999, 2.524867E-08, -8.348742E-09, -0.221385,
			6.285093E-10, -1.221439E-07, 1, 0.004676802,
			8.653799E-09, -1, -1.296737E-07, 0.05787327,
			0, 0, 0, 1
			);


		ms[3] = float4x4(
			0.2062576, 0.9760075, -0.06976283, -0.1792715,
			0.05466869, 0.0596902, 0.9967189, -0.2211925,
			0.9769695, -0.2093946, -0.0410455, 0.1030311,
			0, 0, 0, 1
			);


		ms[4] = float4x4(
			0.1220402, 0.9827944, -0.1386402, -0.1039292,
			0.09382899, 0.1276347, 0.9873732, -0.2127126,
			0.98808, -0.1335077, -0.07663807, 0.1400818,
			0, 0, 0, 1
			);


		ms[5] = float4x4(
			0.1321099, 0.5302814, 0.8374655, -1.053014,
			-0.3257238, -0.7747295, 0.5419399, 0.2016455,
			0.9361899, -0.344378, 0.07037568, -0.005427042,
			0, 0, 0, 1
			);


		ms[6] = float4x4(
			0.03939793, 0.9474922, -0.317342, -0.4632845,
			-0.03540742, 0.318713, 0.9471898, -0.009369276,
			0.9985963, -0.02608116, 0.0461048, 0.005952793,
			0, 0, 0, 1
			);


		ms[7] = float4x4(
			0.4157258, 0.9023488, 0.1137445, -0.4303042,
			-0.08243117, -0.08716605, 0.9927776, 0.009919068,
			0.9057467, -0.4220995, 0.03814442, 0.0209769,
			0, 0, 0, 1
			);


		ms[8] = float4x4(
			0.3726837, 0.9183093, 0.1334694, -0.4412068,
			-0.05467572, -0.121851, 0.9910415, 0.01629175,
			0.9263463, -0.3766426, 0.004797255, 0.02762671,
			0, 0, 0, 1
			);


		ms[9] = float4x4(
			0.9908423, 0.1334694, -0.0204217, -0.6344082,
			-0.1333397, 0.9910414, 0.007589951, 0.04193201,
			-0.02125181, 0.004797323, -0.9997627, -0.2052609,
			0, 0, 0, 1
			);


		ms[10] = float4x4(
			0.1687019, 0.951408, -0.2576086, 0.006949634,
			0.1384701, 0.2358866, 0.9618647, -0.2006155,
			0.9758921, -0.1979396, -0.09194702, 0.1520914,
			0, 0, 0, 1
			);


		ms[11] = float4x4(
			0.3325014, 0.545859, -0.7690776, 0.2700784,
			0.07821449, 0.7967065, 0.5992841, -0.0168642,
			0.9398537, -0.2594158, 0.2222118, -0.008511757,
			0, 0, 0, 1
			);


		ms[12] = float4x4(
			0.3982282, 0.8599104, -0.3193245, 0.1720099,
			0.1630051, 0.2762379, 0.9471654, -0.0337125,
			0.9026868, -0.4292393, -0.03016403, 0.04602373,
			0, 0, 0, 1
			);


		ms[13] = float4x4(
			0.5667226, 0.7993468, -0.1996746, 0.1259921,
			0.1805972, 0.1159367, 0.9767005, -0.04274784,
			0.8038719, -0.5895786, -0.07865587, 0.06762985,
			0, 0, 0, 1
			);


		ms[14] = float4x4(
			0.5444647, -0.1996747, 0.8146705, 0.21595,
			0.04385248, 0.9767004, 0.2100801, -0.002750654,
			-0.8376365, -0.07865586, 0.5405352, 0.354908,
			0, 0, 0, 1
			);


		ms[15] = float4x4(
			0.1917746, 0.9421958, -0.274753, 0.07073823,
			0.08772747, 0.2623719, 0.9609709, -0.1825406,
			0.9775103, -0.2083932, -0.0323402, 0.08552749,
			0, 0, 0, 1
			);


		ms[16] = float4x4(
			-0.6725804, 0.695505, -0.2528006, 0.05155439,
			-0.1564375, 0.2002642, 0.9671721, -0.1883797,
			0.7232999, 0.6900485, -0.02589074, 0.02606715,
			0, 0, 0, 1
			);


		ms[17] = float4x4(
			0.07637253, 0.9536929, -0.2909241, 0.09694248,
			-0.03387088, 0.2940894, 0.9551777, -0.174798,
			0.9965038, -0.06309555, 0.05476275, -0.05848349,
			0, 0, 0, 1
			);


		ms[18] = float4x4(
			0.2909242, -0.9536928, -0.07637348, -0.3687983,
			-0.9551777, -0.2940895, 0.03386917, 1.544234,
			-0.05476141, 0.06309696, -0.9965038, 0.03564011,
			0, 0, 0, 1
			);


		ms[19] = float4x4(
			-0.03258345, 0.9566823, -0.2893052, 0.09383747,
			0.01126419, 0.289792, 0.9570234, -0.1777159,
			0.9994057, 0.02792424, -0.02021867, 0.06679432,
			0, 0, 0, 1
			);


		ms[20] = float4x4(
			0.1376884, 0.8793397, -0.4558551, 0.4237253,
			-0.03023651, 0.4637555, 0.8854473, -0.106856,
			0.9900139, -0.1081324, 0.09044194, -0.08824236,
			0, 0, 0, 1
			);


		ms[21] = float4x4(
			0.2927602, 0.7685894, -0.5688249, 0.6739869,
			-0.09556602, 0.6154302, 0.7823766, -0.02525931,
			0.9513983, -0.1746883, 0.2536245, -0.31821,
			0, 0, 0, 1
			);


		ms[22] = float4x4(
			0.4177522, 0.7162927, -0.5589346, 0.6963459,
			-0.165484, 0.6648833, 0.7283855, 0.01779972,
			0.8933634, -0.2117899, 0.3962914, -0.4974489,
			0, 0, 0, 1
			);


		ms[23] = float4x4(
			0.3536252, 0.9057568, -0.2335681, 0.01904672,
			-0.07034601, 0.2747469, 0.9589399, -0.1867853,
			0.9327384, -0.3226747, 0.1608741, -0.193359,
			0, 0, 0, 1
			);


		ms[24] = float4x4(
			-0.2403338, 0.8980187, 0.3685139, -0.9479071,
			0.08512451, -0.3586805, 0.9295712, -0.0622058,
			0.9669508, 0.2547768, 0.009759822, -0.02095932,
			0, 0, 0, 1
			);


		ms[25] = float4x4(
			0.339726, 0.2574677, 0.9045978, -1.344243,
			-0.3944244, -0.8341388, 0.3855414, 0.4975586,
			0.8538243, -0.4877739, -0.1818268, 0.2566755,
			0, 0, 0, 1
			);


		ms[26] = float4x4(
			0.6233544, -0.2889153, 0.7266068, -0.9642559,
			0.1288485, -0.8785821, -0.4598829, 1.68799,
			0.7712509, 0.3802919, -0.5104415, 0.5061297,
			0, 0, 0, 1
			);


		ms[27] = float4x4(
			0.5538725, -0.7412528, 0.3791704, -0.6073254,
			-0.5293999, -0.6650257, -0.5267613, 1.420786,
			0.6426209, 0.09102558, -0.7607585, 0.7223597,
			0, 0, 0, 1
			);


		ms[28] = float4x4(
			0.4780424, -0.8623153, 0.166999, -0.4256157,
			-0.6120049, -0.4633914, -0.640874, 1.487713,
			0.6300207, 0.2041604, -0.7492619, 0.7002071,
			0, 0, 0, 1
			);


		ms[29] = float4x4(
			0.3877769, -0.8893066, -0.2424126, -0.5507153,
			-0.8152724, -0.4536131, 0.3599545, 1.173261,
			-0.4300714, 0.05805014, -0.9009272, -0.3621614,
			0, 0, 0, 1
			);


		ms[30] = float4x4(
			0.4420699, -0.2706903, 0.8551617, -1.200204,
			0.3578815, -0.82098, -0.4448748, 1.798457,
			0.822494, 0.5027121, -0.2660554, 0.2759533,
			0, 0, 0, 1
			);


		ms[31] = float4x4(
			0.1830066, -0.1566837, 0.9705461, -1.467803,
			0.5667933, -0.7898173, -0.2343818, 1.708242,
			0.8032778, 0.5929919, -0.05573441, 0.05269978,
			0, 0, 0, 1
			);


		ms[32] = float4x4(
			0.7728248, 0.6315014, -0.06283474, -0.6690004,
			-0.415743, 0.4289873, -0.8019528, 1.124042,
			-0.4794791, 0.6458921, 0.594074, -0.3922955,
			0, 0, 0, 1
			);


		ms[33] = float4x4(
			0.4232059, 0.7373327, -0.5265335, 0.4676372,
			-0.08524989, 0.6109688, 0.7870516, -0.03340286,
			0.9020141, -0.2881979, 0.3214229, -0.3955536,
			0, 0, 0, 1
			);


		ms[34] = float4x4(
			0.3649508, 0.74228, -0.5619892, 0.4940811,
			0.1257657, 0.5587859, 0.8197204, -0.010258,
			0.9224936, -0.3698362, 0.1105757, -0.1275042,
			0, 0, 0, 1
			);


		ms[35] = float4x4(
			0.573052, 0.7308052, -0.3708576, 0.3791437,
			0.3025757, 0.2318837, 0.9244884, 0.04616361,
			0.7616164, -0.641992, -0.08824263, 0.09787551,
			0, 0, 0, 1
			);


		ms[36] = float4x4(
			0.005475801, 0.9509995, -0.3091435, 0.1283541,
			0.2490842, 0.298107, 0.9214606, -0.1332637,
			0.9684665, -0.08204833, -0.2352467, 0.3764496,
			0, 0, 0, 1
			);


		ms[37] = float4x4(
			-0.1410442, 0.8698232, 0.4727727, -0.9599925,
			0.1002335, -0.4625463, 0.8809112, 0.01726276,
			0.9849163, 0.1716352, -0.02194569, 0.045627,
			0, 0, 0, 1
			);


		ms[38] = float4x4(
			-0.5226176, 0.2726914, 0.8077811, -1.180115,
			0.4197157, -0.7424123, 0.5221715, 0.3816667,
			0.742098, 0.6119345, 0.273545, -0.2838948,
			0, 0, 0, 1
			);


		ms[39] = float4x4(
			-0.8622334, -0.1237739, 0.4911555, -0.632175,
			0.4481836, -0.6382003, 0.6259654, 0.2459923,
			0.2359772, 0.7598559, 0.6057511, -0.4013858,
			0, 0, 0, 1
			);


		ms[40] = float4x4(
			-0.7382765, -0.655114, 0.1605428, -0.3165857,
			0.5521872, -0.4503424, 0.7016281, 0.1046005,
			-0.3873471, 0.6066448, 0.6942227, -0.1774684,
			0, 0, 0, 1
			);


		ms[41] = float4x4(
			-0.8287254, -0.1685002, 0.5336877, -0.6677631,
			0.5519447, -0.08831927, 0.829191, -0.03804741,
			-0.09258381, 0.9817376, 0.1661953, 0.1966447,
			0, 0, 0, 1
			);


		ms[42] = float4x4(
			0.8354298, -0.2058979, -0.5095722, -0.5974862,
			0.5298962, 0.05573571, 0.8462296, 1.064732,
			0.1458355, 0.9769856, -0.1556676, 0.3452927,
			0, 0, 0, 1
			);


		ms[43] = float4x4(
			-0.9686998, 0.1917991, -0.1575884, 0.07379981,
			-0.2384715, -0.5427278, 0.8053439, 0.4442127,
			0.06893641, 0.8177166, 0.5714788, -0.2754076,
			0, 0, 0, 1
			);


		ms[44] = float4x4(
			-0.3704608, 0.3814916, -0.8468901, 0.3978507,
			-0.8687584, -0.4649268, 0.1705952, 1.417983,
			-0.3286614, 0.7989417, 0.503661, 0.01746383,
			0, 0, 0, 1
			);


		ms[45] = float4x4(
			-0.9473564, -0.09921359, 0.3044223, -0.5690118,
			-0.2314855, 0.8690971, -0.4371335, 1.072979,
			0.2212027, 0.4845902, 0.8463113, 0.3689539,
			0, 0, 0, 1
			);


		ms[46] = float4x4(
			-0.7050017, 0.5164013, -0.4861097, 0.3858883,
			-0.3094858, 0.3927084, 0.8660248, 0.07002367,
			0.6381155, 0.7609928, -0.1170413, 0.2022194,
			0, 0, 0, 1
			);


		ms[47] = float4x4(
			0.03570547, 0.5405732, -0.8405391, 0.5277721,
			-0.4314501, 0.7669924, 0.4749459, 0.4685405,
			0.9014304, 0.3456924, 0.260616, -0.2201114,
			0, 0, 0, 1
			);


		ms[48] = float4x4(
			-0.1803553, 0.9817664, 0.06005892, -0.3810372,
			0.4601292, 0.03024548, 0.887337, -0.1020087,
			0.8693406, 0.1876707, -0.4571943, 0.6998829,
			0, 0, 0, 1
			);


		ms[49] = float4x4(
			-0.3183191, 0.9323004, 0.1717243, -0.5148932,
			-0.2684665, -0.262387, 0.9268653, -0.04353657,
			0.9091749, 0.2489367, 0.3338139, -0.4067115,
			0, 0, 0, 1
			);


		ms[50] = float4x4(
			-0.2828522, 0.9568104, 0.06714612, -0.3722567,
			-0.2646586, -0.1451423, 0.9533574, -0.06241161,
			0.9219279, 0.2518884, 0.2942817, -0.372521,
			0, 0, 0, 1
			);


		ms[51] = float4x4(
			0.2062573, 0.9760078, -0.06976346, -0.1792709,
			0.05467153, 0.05969026, 0.9967189, -0.2211924,
			0.9769694, -0.2093947, -0.04104828, 0.1030338,
			0, 0, 0, 1
			);


		ms[52] = float4x4(
			0.4203972, 0.7821447, -0.4599083, 0.05225264,
			0.05278821, 0.4849333, 0.8729567, -0.1561262,
			0.9058034, -0.3912663, 0.1625766, -0.01293114,
			0, 0, 0, 1
			);


		ms[53] = float4x4(
			0.667475, 0.6006491, -0.4401109, -0.02052421,
			0.126804, 0.4907255, 0.862038, -0.1743423,
			0.7337559, -0.6311966, 0.2513823, 0.01591595,
			0, 0, 0, 1
			);


		ms[54] = float4x4(
			-0.2615628, 0.9560009, 0.1328429, -0.3798665,
			-0.005218943, -0.1390333, 0.9902741, -0.2318287,
			0.9651725, 0.2583255, 0.04135524, 0.06206634,
			0, 0, 0, 1
			);


		ms[55] = float4x4(
			-0.1530349, 0.8428802, -0.5158811, 0.09047358,
			0.2348205, 0.5380945, 0.8095147, -0.03843393,
			0.9599166, 0.002744669, -0.2802727, 0.2777043,
			0, 0, 0, 1
			);


		ms[56] = float4x4(
			0.4038888, 0.8580717, -0.317154, 0.001164544,
			0.3451524, 0.1781324, 0.9214874, -0.1272042,
			0.8471977, -0.4816448, -0.2242197, 0.2015288,
			0, 0, 0, 1
			);


		ms[57] = float4x4(
			-0.1649288, 0.9721804, 0.166323, -0.394476,
			0.2002651, -0.1321111, 0.9707939, -0.2046714,
			0.96576, 0.1934206, -0.1729048, 0.2613512,
			0, 0, 0, 1
			);


		ms[58] = float4x4(
			0.106292, 0.7945517, -0.5978206, 0.1450841,
			0.4410661, 0.5011652, 0.7445095, 0.001460467,
			0.8911579, -0.342814, -0.29718, 0.3148143,
			0, 0, 0, 1
			);


		ms[59] = float4x4(
			0.4265114, 0.5127812, -0.745079, 0.1448354,
			0.6651873, 0.3803484, 0.6425428, 0.008805656,
			0.6128734, -0.7696692, -0.1788725, 0.2489128,
			0, 0, 0, 1
			);


		ms[60] = float4x4(
			0.1021169, 0.9938512, -0.04279628, -0.2425128,
			-0.5899944, 0.09514657, 0.8017818, -0.1464327,
			0.8009238, -0.05662586, 0.5960827, -0.533416,
			0, 0, 0, 1
			);


		ms[61] = float4x4(
			0.3184833, 0.7875405, 0.5275872, -0.5982175,
			-0.3070517, -0.4408537, 0.8434263, -0.05508124,
			0.8968208, -0.4306136, 0.101411, -0.1004038,
			0, 0, 0, 1
			);


		ms[62] = float4x4(
			0.590167, 0.360506, 0.7223145, -0.5679532,
			-0.2923236, -0.7385949, 0.6074742, 0.1273483,
			0.7524956, -0.5696608, -0.3305099, 0.124424,
			0, 0, 0, 1
			);


		ms[63] = float4x4(
			0.5824318, 0.7307742, -0.3560088, 0.1142622,
			0.2585894, 0.2486429, 0.9334393, -0.2032977,
			0.7706522, -0.6357247, -0.04415294, 0.1880993,
			0, 0, 0, 1
			);


		ms[64] = float4x4(
			0.7505891, 0.5724634, -0.3300024, 0.1213988,
			0.091488, 0.4045759, 0.909917, -0.2118533,
			0.654405, -0.7131649, 0.2512968, -0.01451726,
			0, 0, 0, 1
			);


		ms[65] = float4x4(
			0.906611, 0.3819101, -0.1794466, 0.07555477,
			0.04885652, 0.3273969, 0.9436232, -0.2082069,
			0.4191294, -0.8642662, 0.2781629, 0.02448901,
			0, 0, 0, 1
			);


		ms[66] = float4x4(
			-0.9840568, -0.06575049, -0.1652539, -1.385281,
			-0.1313866, 0.8949959, 0.4262863, 0.5575333,
			0.119873, 0.4412021, -0.8893657, 1.225057,
			0, 0, 0, 1
			);





		pos = mul(ms[i], v.vertex);

		o.vertex = UnityObjectToClipPos(pos);
		o.uv = TRANSFORM_TEX(v.uv, _MainTex);
		return o;
	}

	fixed4 frag(v2f i) : SV_Target
	{
		fixed4 col = tex2D(_MainTex, i.uv);
		return col;
	}
	ENDCG

	SubShader
	{
		Tags { "RenderType" = "Opaque" }
		LOD 200

		Pass
		{
			CGPROGRAM
			#pragma vertex vert
			#pragma fragment frag
			#pragma multi_compile_instancing
			#pragma multi_compile ROOTON_BLENDOFF ROOTON_BLENDON_CROSSFADEROOTON ROOTON_BLENDON_CROSSFADEROOTOFF ROOTOFF_BLENDOFF ROOTOFF_BLENDON_CROSSFADEROOTON ROOTOFF_BLENDON_CROSSFADEROOTOFF
			ENDCG
		}
	}
}
