if(boneIndex == 0){ return mat4(
0.9356343, -0.3333977, -0.1159074, 0.1027735, 
0.03131857, -0.2486678, 0.9680824, -0.02257419, 
-0.3515789, -0.9094012, -0.2222205, 0.2125204, 
0, 0, 0, 1
);}


if(boneIndex == 1){ return mat4(
0.6976435, -0.6209095, 0.3574424, -0.4219739, 
-0.571366, -0.1811797, 0.8004467, 0.08808903, 
-0.4322437, -0.762657, -0.4811651, 0.4765078, 
0, 0, 0, 1
);}


if(boneIndex == 2){ return mat4(
0.9743601, 0.09472617, 0.2040823, -0.2698992, 
-0.2100691, 0.7078722, 0.6743798, 0.2398299, 
-0.08058281, -0.6999599, 0.7096214, -0.2048955, 
0, 0, 0, 1
);}


if(boneIndex == 3){ return mat4(
0.9803785, 0.1850294, 0.06798613, -0.2564477, 
-0.1965497, 0.9438561, 0.2655257, 0.2815487, 
-0.01503907, -0.2736783, 0.9617037, -0.2518099, 
0, 0, 0, 1
);}


if(boneIndex == 4){ return mat4(
0.92377, -0.3828477, -0.008754268, -0.008807539, 
-0.08468448, -0.2265222, 0.9703176, -0.01231465, 
-0.3734668, -0.8956092, -0.2416755, 0.2353938, 
0, 0, 0, 1
);}


if(boneIndex == 5){ return mat4(
0.9882169, -0.07576867, 0.132991, -0.09435936, 
-0.1077508, 0.2727194, 0.9560409, 0.0149759, 
-0.1087071, -0.9591056, 0.2613418, -0.1088265, 
0, 0, 0, 1
);}


if(boneIndex == 6){ return mat4(
0.9696644, -0.2366105, 0.06137231, -0.0735935, 
-0.06101379, 0.008844128, 0.9980977, 0.01751609, 
-0.2367032, -0.9715645, -0.005860634, -0.05551463, 
0, 0, 0, 1
);}


if(boneIndex == 7){ return mat4(
0.9476123, -0.3183225, -0.02649651, -0.004381169, 
0.03962475, 0.03483637, 0.9986071, -0.06232556, 
-0.3169561, -0.9473421, 0.04562492, -0.1075336, 
0, 0, 0, 1
);}


if(boneIndex == 8){ return mat4(
0.9001352, -0.4292469, 0.07418749, -0.138566, 
0.04448784, 0.2600017, 0.9645827, -0.01967912, 
-0.4333332, -0.8649543, 0.253133, -0.3885589, 
0, 0, 0, 1
);}


if(boneIndex == 9){ return mat4(
0.8279707, -0.5192261, 0.2118225, -0.3464313, 
0.07138713, 0.4722541, 0.878567, 0.1085544, 
-0.556209, -0.7123064, 0.4280788, -0.6556367, 
0, 0, 0, 1
);}


if(boneIndex == 10){ return mat4(
0.7768023, -0.5906597, 0.2184016, -0.3559197, 
0.08600354, 0.4430633, 0.8923555, 0.08576117, 
-0.6238442, -0.6744005, 0.3949715, -0.6001319, 
0, 0, 0, 1
);}


if(boneIndex == 11){ return mat4(
0.5320243, -0.8117205, -0.2409559, 0.3566426, 
0.1399798, -0.1963405, 0.9704922, 0.01164794, 
-0.8350781, -0.5500544, 0.009166764, -0.02323072, 
0, 0, 0, 1
);}


if(boneIndex == 12){ return mat4(
-0.2931481, -0.6194158, -0.7282773, 0.6757878, 
0.1754546, -0.7836607, 0.5958955, 0.5628107, 
-0.9398291, 0.04690618, 0.3384082, -0.5412548, 
0, 0, 0, 1
);}


if(boneIndex == 13){ return mat4(
-0.5308689, -0.2694546, -0.8034751, 0.6676379, 
0.7865378, 0.1963032, -0.585511, 2.298917, 
0.3154936, -0.9427929, 0.1077253, 0.2850285, 
0, 0, 0, 1
);}


if(boneIndex == 14){ return mat4(
-0.6263267, -0.2694546, -0.7315113, 0.5383346, 
0.7079344, 0.1963032, -0.6784493, 2.346375, 
0.3264095, -0.9427928, 0.06780635, 0.3318654, 
0, 0, 0, 1
);}


if(boneIndex == 15){ return mat4(
-0.7097347, 0.1691577, -0.6838583, 0.4986974, 
0.6010276, -0.3609818, -0.7130619, 2.280899, 
-0.3674797, -0.9171025, 0.154533, -0.1039344, 
0, 0, 0, 1
);}


if(boneIndex == 16){ return mat4(
0.9201174, -0.3486896, 0.1783246, -0.2933109, 
0.009734812, 0.4755459, 0.879637, 0.106643, 
-0.3915219, -0.8076331, 0.4409526, -0.6753204, 
0, 0, 0, 1
);}


if(boneIndex == 17){ return mat4(
0.9987856, -0.04037819, -0.02822572, 0.08192034, 
0.03882776, 0.2925262, 0.9554688, -0.03147828, 
-0.03032354, -0.9554045, 0.293739, -0.4097828, 
0, 0, 0, 1
);}


if(boneIndex == 18){ return mat4(
0.7113108, -0.6405303, 0.2894091, -0.4757226, 
0.08880987, 0.490352, 0.8669878, 0.1278503, 
-0.6972446, -0.5909952, 0.4056783, -0.6203898, 
0, 0, 0, 1
);}


if(boneIndex == 19){ return mat4(
0.9345454, -0.291408, 0.2042209, -0.4102314, 
-0.06609363, 0.4217705, 0.9042903, 0.1068928, 
-0.3496519, -0.8585981, 0.3749036, -0.63279, 
0, 0, 0, 1
);}


if(boneIndex == 20){ return mat4(
0.8013918, -0.2003534, 0.5635867, -0.8487557, 
-0.5583698, -0.5884241, 0.5847906, 0.7880645, 
0.2144629, -0.7833362, -0.5834293, 0.436927, 
0, 0, 0, 1
);}


if(boneIndex == 21){ return mat4(
0.7836573, -0.2593925, 0.5644433, -0.8465635, 
-0.4408019, -0.8724363, 0.2110651, 1.10282, 
0.4376922, -0.4142105, -0.7980319, 0.5916868, 
0, 0, 0, 1
);}


if(boneIndex == 22){ return mat4(
0.7836571, -0.2593923, 0.5644435, -0.8465635, 
-0.4408016, -0.8724363, 0.2110651, 1.10282, 
0.4376924, -0.4142104, -0.7980319, 0.5916867, 
0, 0, 0, 1
);}


if(boneIndex == 23){ return mat4(
0.7836573, -0.2593924, 0.5644433, -0.8465637, 
-0.4408016, -0.8724363, 0.2110649, 1.10282, 
0.4376923, -0.4142107, -0.7980319, 0.5916873, 
0, 0, 0, 1
);}


if(boneIndex == 24){ return mat4(
0.9551077, 0.2893669, 0.06352809, 0.2271432, 
-0.2948334, 0.9494089, 0.108146, 1.190914, 
-0.02902037, -0.1220213, 0.9921032, -0.0001637436, 
0, 0, 0, 1
);}


if(boneIndex == 25){ return mat4(
0.9551076, 0.2893667, 0.06352815, 0.2360182, 
-0.2948334, 0.9494088, 0.1081472, 1.192695, 
-0.02902012, -0.1220225, 0.9921031, 0.273834, 
0, 0, 0, 1
);}


if(boneIndex == 0){ return mat4(
0.9305468, -0.3488707, -0.1112301, 0.09523163, 
0.02225723, -0.249313, 0.9681672, -0.02265158, 
-0.3654962, -0.9034004, -0.2242326, 0.2115404, 
0, 0, 0, 1
);}


if(boneIndex == 1){ return mat4(
0.7129948, -0.6181461, 0.3309594, -0.3944392, 
-0.5791873, -0.2531815, 0.7748815, 0.1161559, 
-0.3951971, -0.7441739, -0.5385393, 0.5396866, 
0, 0, 0, 1
);}


if(boneIndex == 2){ return mat4(
0.9769361, 0.08526108, 0.1957722, -0.2555227, 
-0.2019109, 0.6671905, 0.717, 0.2292107, 
-0.06948512, -0.7399915, 0.6690174, -0.1571703, 
0, 0, 0, 1
);}


if(boneIndex == 3){ return mat4(
0.9835626, 0.1643416, 0.07480846, -0.2433217, 
-0.1804401, 0.910082, 0.3730846, 0.2632722, 
-0.006768428, -0.3804505, 0.9247766, -0.2012704, 
0, 0, 0, 1
);}


if(boneIndex == 4){ return mat4(
0.9289238, -0.3700654, -0.01234205, -0.009057007, 
-0.07005344, -0.2083805, 0.9755359, -0.02067241, 
-0.3635838, -0.905334, -0.219494, 0.2063326, 
0, 0, 0, 1
);}


if(boneIndex == 5){ return mat4(
0.9885221, -0.08175272, 0.1270474, -0.09312232, 
-0.0982851, 0.2906604, 0.9517652, 0.01309316, 
-0.1147369, -0.9533275, 0.2792891, -0.1327474, 
0, 0, 0, 1
);}


if(boneIndex == 6){ return mat4(
0.9694375, -0.236164, 0.06646584, -0.07406342, 
-0.06479513, 0.01483731, 0.9977883, 0.01765211, 
-0.2366277, -0.9716001, -0.000918573, -0.07829544, 
0, 0, 0, 1
);}


if(boneIndex == 7){ return mat4(
0.9446143, -0.3272445, -0.02480576, -0.008424217, 
0.0397056, 0.03892836, 0.9984528, -0.06217078, 
-0.3257726, -0.9441375, 0.04976565, -0.1158438, 
0, 0, 0, 1
);}


if(boneIndex == 8){ return mat4(
0.8987688, -0.4310959, 0.07981932, -0.1480256, 
0.04084816, 0.2636074, 0.9637647, -0.01862243, 
-0.4365161, -0.8629411, 0.2545315, -0.3931538, 
0, 0, 0, 1
);}


if(boneIndex == 9){ return mat4(
0.8296478, -0.5132872, 0.2195926, -0.3592187, 
0.06276686, 0.4765957, 0.8768789, 0.1109233, 
-0.5547476, -0.7137178, 0.427624, -0.6573831, 
0, 0, 0, 1
);}


if(boneIndex == 10){ return mat4(
0.7787487, -0.5850716, 0.2263666, -0.3690308, 
0.07781517, 0.44814, 0.8905703, 0.08827814, 
-0.6224913, -0.6759158, 0.3945157, -0.6018739, 
0, 0, 0, 1
);}


if(boneIndex == 11){ return mat4(
0.5536662, -0.7972245, -0.2405968, 0.3600053, 
0.1200704, -0.2094764, 0.9704133, 0.009838595, 
-0.8240366, -0.5661736, -0.02025693, 0.02582139, 
0, 0, 0, 1
);}


if(boneIndex == 12){ return mat4(
-0.3173365, -0.5960308, -0.7375939, 0.6733508, 
0.1393375, -0.7986599, 0.585429, 0.5686484, 
-0.9380201, 0.0830039, 0.3364933, -0.5357912, 
0, 0, 0, 1
);}


if(boneIndex == 13){ return mat4(
-0.5308867, -0.2623292, -0.8058181, 0.6688966, 
0.7877665, 0.1977465, -0.5833691, 2.313035, 
0.3123824, -0.9444993, 0.1016736, 0.2881889, 
0, 0, 0, 1
);}


if(boneIndex == 14){ return mat4(
-0.6266345, -0.2623291, -0.7338341, 0.5394013, 
0.7094191, 0.1977466, -0.6764762, 2.360815, 
0.3225725, -0.944499, 0.06218676, 0.3341592, 
0, 0, 0, 1
);}


if(boneIndex == 15){ return mat4(
-0.7054945, 0.1745554, -0.6868829, 0.5026246, 
0.6032583, -0.3607667, -0.7112847, 2.295773, 
-0.3719628, -0.9161749, 0.1492173, -0.1019562, 
0, 0, 0, 1
);}


if(boneIndex == 16){ return mat4(
0.920458, -0.3460692, 0.1816412, -0.2983983, 
0.003394179, 0.4718037, 0.8816971, 0.1027985, 
-0.3908272, -0.8109484, 0.43545, -0.6683845, 
0, 0, 0, 1
);}


if(boneIndex == 17){ return mat4(
0.9987543, -0.04051331, -0.02912723, 0.08444923, 
0.03937202, 0.281271, 0.9588202, -0.0376977, 
-0.03065247, -0.9587727, 0.2825157, -0.3924989, 
0, 0, 0, 1
);}


if(boneIndex == 18){ return mat4(
0.7134227, -0.6346319, 0.2971035, -0.4883802, 
0.08118795, 0.4959942, 0.864522, 0.1315133, 
-0.6960152, -0.5926482, 0.405378, -0.6223935, 
0, 0, 0, 1
);}


if(boneIndex == 19){ return mat4(
0.9312412, -0.3087463, 0.1935604, -0.389958, 
-0.04694119, 0.4251076, 0.9039245, 0.1010586, 
-0.3613675, -0.8508579, 0.3813846, -0.6435539, 
0, 0, 0, 1
);}


if(boneIndex == 20){ return mat4(
0.7968112, -0.1942735, 0.572145, -0.8551868, 
-0.5509961, -0.6222425, 0.5560731, 0.8272678, 
0.2479828, -0.758335, -0.6028536, 0.4422368, 
0, 0, 0, 1
);}


if(boneIndex == 21){ return mat4(
0.7784255, -0.2598647, 0.571423, -0.8516307, 
-0.4441009, -0.8713243, 0.2087301, 1.122733, 
0.4436531, -0.4162501, -0.793667, 0.5829, 
0, 0, 0, 1
);}


if(boneIndex == 22){ return mat4(
0.7784253, -0.2598644, 0.5714231, -0.8516307, 
-0.4441007, -0.8713244, 0.2087301, 1.122734, 
0.4436534, -0.4162501, -0.7936671, 0.5828997, 
0, 0, 0, 1
);}


if(boneIndex == 23){ return mat4(
0.7784255, -0.2598644, 0.5714229, -0.8516309, 
-0.4441007, -0.8713245, 0.2087299, 1.122734, 
0.4436532, -0.4162503, -0.7936672, 0.5829003, 
0, 0, 0, 1
);}


if(boneIndex == 24){ return mat4(
0.9540582, 0.2942703, 0.05637519, 0.2269406, 
-0.2988333, 0.9481928, 0.107838, 1.20635, 
-0.02172096, -0.1197305, 0.9925689, -0.0006978249, 
0, 0, 0, 1
);}


if(boneIndex == 25){ return mat4(
0.9540581, 0.2942702, 0.05637524, 0.2337228, 
-0.2988331, 0.9481927, 0.1078393, 1.208084, 
-0.02172075, -0.1197317, 0.9925687, 0.27336, 
0, 0, 0, 1
);}


if(boneIndex == 0){ return mat4(
0.9247022, -0.3655849, -0.1061777, 0.08723138, 
0.012396, -0.2498447, 0.9682067, -0.02279258, 
-0.3804898, -0.896619, -0.2265001, 0.2115406, 
0, 0, 0, 1
);}


if(boneIndex == 1){ return mat4(
0.7286656, -0.6143832, 0.3026222, -0.3649065, 
-0.5801911, -0.3189765, 0.7494215, 0.1447682, 
-0.3639028, -0.7216563, -0.5888866, 0.5955735, 
0, 0, 0, 1
);}


if(boneIndex == 2){ return mat4(
0.9794186, 0.07234514, 0.1884308, -0.2410687, 
-0.1920307, 0.621498, 0.7595164, 0.2182545, 
-0.06216228, -0.7800686, 0.6225988, -0.1087494, 
0, 0, 0, 1
);}


if(boneIndex == 3){ return mat4(
0.9868053, 0.1404099, 0.08062705, -0.2298533, 
-0.1619003, 0.8617687, 0.4807739, 0.2452546, 
-0.001976711, -0.4874837, 0.8731301, -0.1488306, 
0, 0, 0, 1
);}


if(boneIndex == 4){ return mat4(
0.93414, -0.3565624, -0.0156842, -0.009740957, 
-0.05557633, -0.1887295, 0.9804555, -0.0289131, 
-0.3525536, -0.9150111, -0.1961161, 0.1764759, 
0, 0, 0, 1
);}


if(boneIndex == 5){ return mat4(
0.9887292, -0.08885225, 0.1204995, -0.09183606, 
-0.08760008, 0.309368, 0.9468993, 0.01130456, 
-0.1214128, -0.9467826, 0.2980978, -0.1570035, 
0, 0, 0, 1
);}


if(boneIndex == 6){ return mat4(
0.9689173, -0.2365052, 0.07255942, -0.07468199, 
-0.07002987, 0.01908959, 0.9973625, 0.0183371, 
-0.2372665, -0.9714431, 0.001933828, -0.1009887, 
0, 0, 0, 1
);}


if(boneIndex == 7){ return mat4(
0.9413122, -0.3365937, -0.02522852, -0.009957007, 
0.04200761, 0.04265938, 0.9982062, -0.06201795, 
-0.3349138, -0.9406832, 0.05429535, -0.1239388, 
0, 0, 0, 1
);}


if(boneIndex == 8){ return mat4(
0.8972913, -0.4338329, 0.08159369, -0.1526165, 
0.04102465, 0.2659874, 0.9631031, -0.01789055, 
-0.4395289, -0.8608366, 0.256466, -0.3977296, 
0, 0, 0, 1
);}


if(boneIndex == 9){ return mat4(
0.8313357, -0.5094507, 0.2221288, -0.3650361, 
0.05919843, 0.4785734, 0.8760498, 0.1119138, 
-0.5526092, -0.7151417, 0.4280139, -0.6595774, 
0, 0, 0, 1
);}


if(boneIndex == 10){ return mat4(
0.7806751, -0.5814505, 0.2290455, -0.375086, 
0.07444379, 0.4504244, 0.8897057, 0.08932158, 
-0.6204875, -0.6775201, 0.3949205, -0.6040892, 
0, 0, 0, 1
);}


if(boneIndex == 11){ return mat4(
0.5717735, -0.7823011, -0.2471429, 0.3721145, 
0.1072924, -0.2273535, 0.9678832, 0.0127586, 
-0.8133652, -0.5799267, -0.04605968, 0.06946775, 
0, 0, 0, 1
);}


if(boneIndex == 12){ return mat4(
-0.3373401, -0.5726495, -0.7471774, 0.673785, 
0.1073996, -0.8119313, 0.573788, 0.5759792, 
-0.9352359, 0.1133156, 0.3353994, -0.5309964, 
0, 0, 0, 1
);}


if(boneIndex == 13){ return mat4(
-0.5303624, -0.2569134, -0.8079053, 0.6702853, 
0.7894347, 0.1977304, -0.5811157, 2.324851, 
0.309044, -0.9459903, 0.09794808, 0.2890374, 
0, 0, 0, 1
);}


if(boneIndex == 14){ return mat4(
-0.626373, -0.2569133, -0.7359702, 0.5406839, 
0.7113536, 0.1977304, -0.6744467, 2.373015, 
0.3187982, -0.9459901, 0.05890357, 0.3343023, 
0, 0, 0, 1
);}


if(boneIndex == 15){ return mat4(
-0.701932, 0.1783086, -0.6895632, 0.5059841, 
0.6048743, -0.3619376, -0.7093151, 2.307739, 
-0.3760554, -0.91499, 0.1462016, -0.1019484, 
0, 0, 0, 1
);}


if(boneIndex == 16){ return mat4(
0.9208884, -0.344568, 0.1823119, -0.3009668, 
-0.0006325255, 0.4663529, 0.8845986, 0.09758902, 
-0.3898263, -0.8147318, 0.429241, -0.6592318, 
0, 0, 0, 1
);}


if(boneIndex == 17){ return mat4(
0.9987043, -0.04098327, -0.03016935, 0.08496895, 
0.04006103, 0.2675391, 0.9627137, -0.04474443, 
-0.03138393, -0.962675, 0.2688343, -0.3698295, 
0, 0, 0, 1
);}


if(boneIndex == 18){ return mat4(
0.7155543, -0.6310269, 0.2996451, -0.4942011, 
0.07807245, 0.4985021, 0.8633658, 0.1330483, 
-0.6941811, -0.5943909, 0.4059712, -0.6249267, 
0, 0, 0, 1
);}


if(boneIndex == 19){ return mat4(
0.928371, -0.3231502, 0.1835787, -0.3728673, 
-0.03036212, 0.4263537, 0.9040468, 0.09601732, 
-0.3704126, -0.8448647, 0.3860028, -0.6506878, 
0, 0, 0, 1
);}


if(boneIndex == 20){ return mat4(
0.7939171, -0.1908293, 0.5773043, -0.8595017, 
-0.5433087, -0.6489071, 0.5326683, 0.8591027, 
0.2729679, -0.7365487, -0.6188574, 0.4485991, 
0, 0, 0, 1
);}


if(boneIndex == 21){ return mat4(
0.7726517, -0.2604821, 0.5789288, -0.8574024, 
-0.4470862, -0.8706996, 0.2049308, 1.14187, 
0.4506921, -0.417171, -0.7892053, 0.5740643, 
0, 0, 0, 1
);}


if(boneIndex == 22){ return mat4(
0.7726514, -0.2604819, 0.5789288, -0.8574023, 
-0.4470859, -0.8706998, 0.2049308, 1.141871, 
0.4506922, -0.4171709, -0.7892053, 0.574064, 
0, 0, 0, 1
);}


if(boneIndex == 23){ return mat4(
0.7726517, -0.260482, 0.5789288, -0.8574024, 
-0.4470859, -0.8706998, 0.2049306, 1.141871, 
0.4506921, -0.4171712, -0.7892054, 0.5740644, 
0, 0, 0, 1
);}


if(boneIndex == 24){ return mat4(
0.9527994, 0.2996732, 0.04867586, 0.2263324, 
-0.303304, 0.94664, 0.1089946, 1.219628, 
-0.01341594, -0.1186135, 0.9928501, -0.0007118831, 
0, 0, 0, 1
);}


if(boneIndex == 25){ return mat4(
0.9527994, 0.2996731, 0.04867595, 0.2308582, 
-0.3033039, 0.9466399, 0.1089957, 1.221722, 
-0.0134156, -0.1186146, 0.9928499, 0.2733901, 
0, 0, 0, 1
);}


if(boneIndex == 0){ return mat4(
0.9181482, -0.3831863, -0.100859, 0.07883066, 
0.001930022, -0.2502144, 0.9681888, -0.02322331, 
-0.3962331, -0.8891352, -0.2289941, 0.2124388, 
0, 0, 0, 1
);}


if(boneIndex == 1){ return mat4(
0.7446481, -0.6091069, 0.2729262, -0.3339664, 
-0.5753036, -0.3784015, 0.7251475, 0.1724162, 
-0.3384168, -0.6969948, -0.6321969, 0.6440845, 
0, 0, 0, 1
);}


if(boneIndex == 2){ return mat4(
0.981818, 0.05667536, 0.1811693, -0.2262726, 
-0.1807474, 0.5707511, 0.8009834, 0.2067637, 
-0.05800681, -0.8191653, 0.5706172, -0.05968732, 
0, 0, 0, 1
);}


if(boneIndex == 3){ return mat4(
0.9899601, 0.1136121, 0.08409555, -0.2157232, 
-0.1413487, 0.7978425, 0.5860621, 0.2275461, 
-0.0005114973, -0.5920646, 0.8058907, -0.09455673, 
0, 0, 0, 1
);}


if(boneIndex == 4){ return mat4(
0.9393268, -0.3424932, -0.01907507, -0.01058396, 
-0.04134575, -0.1682485, 0.9848773, -0.0370247, 
-0.3405232, -0.924333, -0.1722008, 0.1465179, 
0, 0, 0, 1
);}


if(boneIndex == 5){ return mat4(
0.9888319, -0.09654279, 0.1135394, -0.09051266, 
-0.07594565, 0.3290816, 0.941243, 0.009671949, 
-0.128234, -0.9393536, 0.3180745, -0.1815818, 
0, 0, 0, 1
);}


if(boneIndex == 6){ return mat4(
0.9682212, -0.237204, 0.07926045, -0.07539809, 
-0.07617567, 0.02215639, 0.9968483, 0.01947401, 
-0.2382126, -0.9712072, 0.003383165, -0.1236045, 
0, 0, 0, 1
);}


if(boneIndex == 7){ return mat4(
0.9377478, -0.3462404, -0.02733462, -0.009564252, 
0.04614606, 0.04620153, 0.9978659, -0.06210745, 
-0.3442386, -0.9370075, 0.0593032, -0.1319735, 
0, 0, 0, 1
);}


if(boneIndex == 8){ return mat4(
0.8957368, -0.4372894, 0.08021171, -0.1532893, 
0.04443083, 0.2675645, 0.9625151, -0.01761779, 
-0.4423597, -0.858596, 0.2590965, -0.4025376, 
0, 0, 0, 1
);}


if(boneIndex == 9){ return mat4(
0.8330699, -0.5073838, 0.2203554, -0.3651742, 
0.06000783, 0.4788924, 0.8758204, 0.1116559, 
-0.5499036, -0.7163965, 0.4293979, -0.6624569, 
0, 0, 0, 1
);}


if(boneIndex == 10){ return mat4(
0.7826195, -0.5794904, 0.2273715, -0.3753909, 
0.0752824, 0.4506813, 0.8895052, 0.08901604, 
-0.6179317, -0.6790269, 0.3963374, -0.6070186, 
0, 0, 0, 1
);}


if(boneIndex == 11){ return mat4(
0.586991, -0.7669196, -0.2593758, 0.3913538, 
0.1010539, -0.2484663, 0.9633546, 0.01932276, 
-0.8032616, -0.5916916, -0.06834707, 0.1079043, 
0, 0, 0, 1
);}


if(boneIndex == 12){ return mat4(
-0.3532554, -0.5498434, -0.7568901, 0.6766721, 
0.07962505, -0.823788, 0.5612783, 0.584237, 
-0.9321318, 0.1380073, 0.3347889, -0.5265707, 
0, 0, 0, 1
);}


if(boneIndex == 13){ return mat4(
-0.5294523, -0.252519, -0.8098852, 0.6718061, 
0.7914986, 0.1965317, -0.5787104, 2.334141, 
0.3053038, -0.9474224, 0.09581459, 0.2885345, 
0, 0, 0, 1
);}


if(boneIndex == 14){ return mat4(
-0.6257151, -0.252519, -0.7380477, 0.5421538, 
0.7136996, 0.1965318, -0.6723157, 2.382749, 
0.3148224, -0.9474222, 0.05724989, 0.3331745, 
0, 0, 0, 1
);}


if(boneIndex == 15){ return mat4(
-0.698737, 0.1810392, -0.6920919, 0.509051, 
0.6060321, -0.3642591, -0.7071352, 2.316692, 
-0.3801194, -0.9135315, 0.1448057, -0.1030828, 
0, 0, 0, 1
);}


if(boneIndex == 16){ return mat4(
0.9214278, -0.3439195, 0.1808046, -0.3015252, 
-0.002644275, 0.4597701, 0.8880343, 0.09123046, 
-0.3885409, -0.8187373, 0.4227356, -0.6485468, 
0, 0, 0, 1
);}


if(boneIndex == 17){ return mat4(
0.9986438, -0.041602, -0.0313033, 0.08372846, 
0.04080656, 0.2520341, 0.9668577, -0.05243028, 
-0.03233394, -0.9668238, 0.25339, -0.3429753, 
0, 0, 0, 1
);}


if(boneIndex == 18){ return mat4(
0.7177328, -0.6293544, 0.2979475, -0.4944589, 
0.07893816, 0.4986719, 0.8631892, 0.1327042, 
-0.6918302, -0.5960194, 0.4075934, -0.6282029, 
0, 0, 0, 1
);}


if(boneIndex == 19){ return mat4(
0.9260314, -0.3347341, 0.1744101, -0.3589376, 
-0.01633137, 0.4261123, 0.904523, 0.09158017, 
-0.3770932, -0.8404649, 0.3891267, -0.654735, 
0, 0, 0, 1
);}


if(boneIndex == 20){ return mat4(
0.792973, -0.1898509, 0.5789221, -0.8613846, 
-0.5361596, -0.6687381, 0.5150948, 0.8828932, 
0.2893557, -0.7188509, -0.6320814, 0.4567922, 
0, 0, 0, 1
);}


if(boneIndex == 21){ return mat4(
0.766829, -0.2613879, 0.5862166, -0.8630606, 
-0.4498262, -0.8703582, 0.2003337, 1.159025, 
0.4578533, -0.4173172, -0.7849948, 0.5661806, 
0, 0, 0, 1
);}


if(boneIndex == 22){ return mat4(
0.7668287, -0.2613876, 0.5862166, -0.8630605, 
-0.4498259, -0.8703582, 0.2003336, 1.159025, 
0.4578535, -0.417317, -0.7849949, 0.5661805, 
0, 0, 0, 1
);}


if(boneIndex == 23){ return mat4(
0.7668288, -0.2613877, 0.5862164, -0.8630607, 
-0.4498259, -0.8703583, 0.2003335, 1.159025, 
0.4578534, -0.4173174, -0.784995, 0.5661809, 
0, 0, 0, 1
);}


if(boneIndex == 24){ return mat4(
0.9513831, 0.3052334, 0.04126543, 0.2256033, 
-0.3079676, 0.9449007, 0.1109906, 1.230213, 
-0.005113942, -0.118303, 0.9929647, -6.816583E-05, 
0, 0, 0, 1
);}


if(boneIndex == 25){ return mat4(
0.951383, 0.3052334, 0.04126554, 0.2279469, 
-0.3079675, 0.9449007, 0.1109919, 1.232902, 
-0.005113585, -0.1183042, 0.9929646, 0.2740559, 
0, 0, 0, 1
);}


if(boneIndex == 0){ return mat4(
0.9109564, -0.4013237, -0.09538201, 0.07007233, 
-0.008942372, -0.2503863, 0.9681048, -0.02414629, 
-0.4124057, -0.8810483, -0.2316798, 0.2141286, 
0, 0, 0, 1
);}


if(boneIndex == 1){ return mat4(
0.7608692, -0.6019002, 0.2424757, -0.3023479, 
-0.5653495, -0.4314565, 0.7030118, 0.1977666, 
-0.3185252, -0.6719836, -0.6685656, 0.6852592, 
0, 0, 0, 1
);}


if(boneIndex == 2){ return mat4(
0.9841192, 0.03905983, 0.1731591, -0.2109668, 
-0.1683282, 0.5150158, 0.8404907, 0.1946193, 
-0.05635021, -0.8562903, 0.5134118, -0.01006437, 
0, 0, 0, 1
);}


if(boneIndex == 3){ return mat4(
0.992862, 0.08473241, 0.08393775, -0.2007256, 
-0.1192507, 0.7176343, 0.6861343, 0.2102867, 
-0.002098807, -0.6912463, 0.7226162, -0.03859167, 
0, 0, 0, 1
);}


if(boneIndex == 4){ return mat4(
0.9443879, -0.3280411, -0.02281616, -0.01131347, 
-0.02739974, -0.1476446, 0.988661, -0.04503539, 
-0.32769, -0.9330545, -0.1484219, 0.1171564, 
0, 0, 0, 1
);}


if(boneIndex == 5){ return mat4(
0.9888351, -0.1043661, 0.1063625, -0.08917686, 
-0.06357849, 0.3500585, 0.934568, 0.008278976, 
-0.1347701, -0.9308959, 0.3395148, -0.2064624, 
0, 0, 0, 1
);}


if(boneIndex == 6){ return mat4(
0.9674597, -0.2378938, 0.08618598, -0.07617149, 
-0.08269715, 0.02462586, 0.9962704, 0.02098371, 
-0.2391288, -0.9709792, 0.004151386, -0.1461519, 
0, 0, 0, 1
);}


if(boneIndex == 7){ return mat4(
0.9339631, -0.3560491, -0.03069699, -0.007840848, 
0.05173642, 0.04971776, 0.9974223, -0.06264231, 
-0.3536052, -0.9331436, 0.06485531, -0.1400924, 
0, 0, 0, 1
);}


if(boneIndex == 8){ return mat4(
0.8941103, -0.4412868, 0.07637189, -0.1510056, 
0.05047324, 0.2687367, 0.9618902, -0.01787428, 
-0.4449936, -0.8561811, 0.2625534, -0.4078102, 
0, 0, 0, 1
);}


if(boneIndex == 9){ return mat4(
0.834817, -0.5067303, 0.215186, -0.360923, 
0.06449829, 0.4782044, 0.875877, 0.1103854, 
-0.5467362, -0.7173179, 0.4318965, -0.6662394, 
0, 0, 0, 1
);}


if(boneIndex == 10){ return mat4(
0.7845528, -0.5788562, 0.2222663, -0.3712488, 
0.07969854, 0.4496248, 0.8896549, 0.08759572, 
-0.6149186, -0.680267, 0.3988884, -0.6108829, 
0, 0, 0, 1
);}


if(boneIndex == 11){ return mat4(
0.5997637, -0.7510641, -0.276018, 0.4159669, 
0.1005862, -0.2714444, 0.9571831, 0.02859094, 
-0.7938295, -0.6018474, -0.0872558, 0.1413689, 
0, 0, 0, 1
);}


if(boneIndex == 12){ return mat4(
-0.3653629, -0.5281736, -0.766513, 0.6814268, 
0.05597868, -0.8344182, 0.5482814, 0.5928173, 
-0.92918, 0.1574136, 0.3344318, -0.5223327, 
0, 0, 0, 1
);}


if(boneIndex == 13){ return mat4(
-0.5281815, -0.248633, -0.8119147, 0.6735426, 
0.7939525, 0.1944531, -0.5760441, 2.340668, 
0.3011029, -0.9488776, 0.09469661, 0.2874202, 
0, 0, 0, 1
);}


if(boneIndex == 14){ return mat4(
-0.6247057, -0.248633, -0.7402189, 0.543879, 
0.716465, 0.1944532, -0.669974, 2.38979, 
0.3105155, -0.9488774, 0.05666097, 0.3314623, 
0, 0, 0, 1
);}


if(boneIndex == 15){ return mat4(
-0.6956196, 0.1831514, -0.6946716, 0.5121039, 
0.606946, -0.3675037, -0.7046677, 2.322533, 
-0.3843551, -0.9118088, 0.1444798, -0.1047102, 
0, 0, 0, 1
);}


if(boneIndex == 16){ return mat4(
0.922075, -0.3438616, 0.1775862, -0.3005971, 
-0.002950653, 0.4526059, 0.8917058, 0.08393472, 
-0.387, -0.8227435, 0.416322, -0.6370072, 
0, 0, 0, 1
);}


if(boneIndex == 17){ return mat4(
0.9985813, -0.04219436, -0.0324772, 0.08095483, 
0.04152866, 0.2354419, 0.9710006, -0.06062755, 
-0.03332434, -0.9709719, 0.2368603, -0.3131369, 
0, 0, 0, 1
);}


if(boneIndex == 18){ return mat4(
0.7199217, -0.6292195, 0.2929084, -0.4904173, 
0.08323233, 0.4972483, 0.8636068, 0.1308362, 
-0.6890467, -0.5973497, 0.4103513, -0.6324179, 
0, 0, 0, 1
);}


if(boneIndex == 19){ return mat4(
0.9242967, -0.3435869, 0.1662033, -0.3481954, 
-0.004791269, 0.4249783, 0.9051907, 0.08760511, 
-0.3816445, -0.8374612, 0.3911599, -0.6563443, 
0, 0, 0, 1
);}


if(boneIndex == 20){ return mat4(
0.7941401, -0.1911808, 0.5768808, -0.8605472, 
-0.5301626, -0.6819799, 0.5038164, 0.8979587, 
0.2971011, -0.7059415, -0.6429442, 0.4672497, 
0, 0, 0, 1
);}


if(boneIndex == 21){ return mat4(
0.7614635, -0.2626994, 0.5925893, -0.8679006, 
-0.452422, -0.8700802, 0.1956388, 1.173029, 
0.4642062, -0.4170723, -0.7813852, 0.5601236, 
0, 0, 0, 1
);}


if(boneIndex == 22){ return mat4(
0.7614632, -0.2626992, 0.5925894, -0.8679006, 
-0.4524218, -0.8700803, 0.1956388, 1.173029, 
0.4642064, -0.4170721, -0.7813852, 0.5601234, 
0, 0, 0, 1
);}


if(boneIndex == 23){ return mat4(
0.7614634, -0.2626992, 0.5925893, -0.8679007, 
-0.4524218, -0.8700803, 0.1956386, 1.173029, 
0.4642063, -0.4170724, -0.7813854, 0.5601239, 
0, 0, 0, 1
);}


if(boneIndex == 24){ return mat4(
0.9498965, 0.3106057, 0.0349369, 0.2249823, 
-0.3125565, 0.9431354, 0.1131545, 1.237626, 
0.002196212, -0.1184048, 0.992963, 0.001260344, 
0, 0, 0, 1
);}


if(boneIndex == 25){ return mat4(
0.9498965, 0.3106056, 0.03493706, 0.225444, 
-0.3125564, 0.9431351, 0.1131557, 1.240956, 
0.002196474, -0.118406, 0.9929629, 0.275387, 
0, 0, 0, 1
);}


if(boneIndex == 0){ return mat4(
0.9032269, -0.419652, -0.08985248, 0.06099708, 
-0.02002028, -0.2503399, 0.967951, -0.02576895, 
-0.4286961, -0.8724805, -0.2345153, 0.2164975, 
0, 0, 0, 1
);}


if(boneIndex == 1){ return mat4(
0.7772243, -0.5924514, 0.2119526, -0.2708674, 
-0.5510371, -0.4782457, 0.6838416, 0.2196322, 
-0.3037775, -0.648292, -0.6981666, 0.7192467, 
0, 0, 0, 1
);}


if(boneIndex == 2){ return mat4(
0.9862985, 0.02042744, 0.1637018, -0.195093, 
-0.1550022, 0.4544708, 0.877172, 0.1817417, 
-0.05647925, -0.8905272, 0.4514101, 0.04001522, 
0, 0, 0, 1
);}


if(boneIndex == 3){ return mat4(
0.9953492, 0.05499448, 0.07909362, -0.1847913, 
-0.09612566, 0.6209475, 0.7779357, 0.1936596, 
-0.006330828, -0.7819204, 0.6233459, 0.01884644, 
0, 0, 0, 1
);}


if(boneIndex == 4){ return mat4(
0.9492249, -0.313419, -0.02721568, -0.01164601, 
-0.01371148, -0.1276429, 0.9917254, -0.0530428, 
-0.3142994, -0.9409974, -0.1254592, 0.08910105, 
0, 0, 0, 1
);}


if(boneIndex == 5){ return mat4(
0.9887551, -0.1119348, 0.09916697, -0.08785138, 
-0.05075581, 0.3725768, 0.9266124, 0.007207167, 
-0.1406674, -0.9212259, 0.3627059, -0.2316049, 
0, 0, 0, 1
);}


if(boneIndex == 6){ return mat4(
0.9667383, -0.2382738, 0.09296557, -0.0769592, 
-0.08906009, 0.02712859, 0.9956567, 0.02277894, 
-0.2397609, -0.9708192, 0.005005626, -0.1686252, 
0, 0, 0, 1
);}


if(boneIndex == 7){ return mat4(
0.9300075, -0.3658809, -0.0348929, -0.005376025, 
0.05839326, 0.05335795, 0.9968666, -0.06382485, 
-0.3628725, -0.9291307, 0.07098822, -0.1484027, 
0, 0, 0, 1
);}


if(boneIndex == 8){ return mat4(
0.8924081, -0.4456446, 0.07077046, -0.146724, 
0.05854907, 0.2698746, 0.9611137, -0.0187231, 
-0.4474144, -0.8535621, 0.2669303, -0.4137323, 
0, 0, 0, 1
);}


if(boneIndex == 9){ return mat4(
0.8365095, -0.5071318, 0.2075315, -0.3535688, 
0.07194561, 0.4771118, 0.8758928, 0.1083583, 
-0.5432087, -0.7177617, 0.4355945, -0.6710986, 
0, 0, 0, 1
);}


if(boneIndex == 10){ return mat4(
0.7864125, -0.5792076, 0.2146483, -0.3639579, 
0.08702865, 0.4479228, 0.8898265, 0.0853176, 
-0.61154, -0.6810902, 0.4026597, -0.6158578, 
0, 0, 0, 1
);}


if(boneIndex == 11){ return mat4(
0.6104149, -0.7347893, -0.2957668, 0.4441383, 
0.1049923, -0.2950502, 0.9496953, 0.03965256, 
-0.7850921, -0.6107614, -0.1029557, 0.1701563, 
0, 0, 0, 1
);}


if(boneIndex == 12){ return mat4(
-0.3740645, -0.5081921, -0.775768, 0.6873562, 
0.03640104, -0.8438964, 0.5352696, 0.6010137, 
-0.9266874, 0.1719869, 0.3341703, -0.5181578, 
0, 0, 0, 1
);}


if(boneIndex == 13){ return mat4(
-0.5264599, -0.2448707, -0.8141731, 0.6756746, 
0.7968414, 0.1917971, -0.5729378, 2.344147, 
0.2964516, -0.9503956, 0.09415008, 0.2862512, 
0, 0, 0, 1
);}


if(boneIndex == 14){ return mat4(
-0.6232772, -0.2448707, -0.7426733, 0.5460357, 
0.7197165, 0.191797, -0.6672496, 2.393869, 
0.3058323, -0.9503954, 0.05669493, 0.3296874, 
0, 0, 0, 1
);}


if(boneIndex == 15){ return mat4(
-0.6922935, 0.1848777, -0.697531, 0.5154567, 
0.607879, -0.371479, -0.7017735, 2.325114, 
-0.3888601, -0.9098477, 0.1447894, -0.1063371, 
0, 0, 0, 1
);}


if(boneIndex == 16){ return mat4(
0.9228132, -0.3441547, 0.1731284, -0.2987143, 
-0.001873836, 0.4453798, 0.8953398, 0.07586817, 
-0.3852432, -0.8265557, 0.4103574, -0.6252533, 
0, 0, 0, 1
);}


if(boneIndex == 17){ return mat4(
0.9985251, -0.04261749, -0.03363388, 0.07686541, 
0.04216188, 0.2184227, 0.9749429, -0.06930226, 
-0.03420324, -0.9749231, 0.2198975, -0.2814886, 
0, 0, 0, 1
);}


if(boneIndex == 18){ return mat4(
0.7220518, -0.6302195, 0.2854198, -0.4833313, 
0.09036773, 0.4949318, 0.8642201, 0.1278202, 
-0.685912, -0.5982187, 0.4143178, -0.6377243, 
0, 0, 0, 1
);}


if(boneIndex == 19){ return mat4(
0.9232162, -0.3497872, 0.1591246, -0.3407002, 
0.004326446, 0.423519, 0.9058768, 0.08395493, 
-0.3842566, -0.8356317, 0.3925129, -0.6562029, 
0, 0, 0, 1
);}


if(boneIndex == 20){ return mat4(
0.7974789, -0.1946945, 0.5710706, -0.8566882, 
-0.5256727, -0.6887731, 0.4992595, 0.9035525, 
0.2961351, -0.6983449, -0.6516273, 0.4800756, 
0, 0, 0, 1
);}


if(boneIndex == 21){ return mat4(
0.7570866, -0.2644829, 0.5973846, -0.871291, 
-0.4549773, -0.8696499, 0.1915843, 1.182697, 
0.468845, -0.4168423, -0.778734, 0.556658, 
0, 0, 0, 1
);}


if(boneIndex == 22){ return mat4(
0.7570865, -0.2644827, 0.5973847, -0.8712909, 
-0.454977, -0.8696502, 0.1915843, 1.182698, 
0.4688451, -0.4168421, -0.7787341, 0.5566579, 
0, 0, 0, 1
);}


if(boneIndex == 23){ return mat4(
0.7570867, -0.2644827, 0.5973846, -0.871291, 
-0.454977, -0.8696502, 0.1915841, 1.182698, 
0.468845, -0.4168424, -0.7787342, 0.5566583, 
0, 0, 0, 1
);}


if(boneIndex == 24){ return mat4(
0.9484667, 0.3154108, 0.03044253, 0.2246698, 
-0.3167868, 0.9415254, 0.1147872, 1.24141, 
0.007542736, -0.1185157, 0.9929236, 0.003199001, 
0, 0, 0, 1
);}


if(boneIndex == 25){ return mat4(
0.9484668, 0.3154107, 0.03044264, 0.2237662, 
-0.3167867, 0.9415253, 0.1147884, 1.245232, 
0.007543049, -0.1185169, 0.9929235, 0.2773181, 
0, 0, 0, 1
);}


if(boneIndex == 0){ return mat4(
0.8950883, -0.4378333, -0.08437296, 0.05164259, 
-0.03110144, -0.2500692, 0.9677284, -0.02830282, 
-0.4448027, -0.8635783, -0.2374513, 0.2194255, 
0, 0, 0, 1
);}


if(boneIndex == 1){ return mat4(
0.7936049, -0.580548, 0.1820858, -0.2403935, 
-0.5329534, -0.5189214, 0.6683421, 0.2369699, 
-0.2935165, -0.627443, -0.7212235, 0.7462712, 
0, 0, 0, 1
);}


if(boneIndex == 2){ return mat4(
0.9883329, 0.001823315, 0.1522988, -0.1787312, 
-0.140979, 0.38941, 0.9102114, 0.1680812, 
-0.057647, -0.9210626, 0.3851237, 0.09041072, 
0, 0, 0, 1
);}


if(boneIndex == 3){ return mat4(
0.9972843, 0.02604511, 0.06888845, -0.1680267, 
-0.07255276, 0.5081313, 0.8582184, 0.1778745, 
-0.01265193, -0.8608857, 0.508641, 0.07745162, 
0, 0, 0, 1
);}


if(boneIndex == 4){ return mat4(
0.9537384, -0.2988663, -0.03258801, -0.01128765, 
-0.0001835222, -0.1089748, 0.9940445, -0.06121009, 
-0.3006376, -0.9480526, -0.1039883, 0.06306222, 
0, 0, 0, 1
);}


if(boneIndex == 5){ return mat4(
0.9886165, -0.1189349, 0.09215259, -0.08655577, 
-0.03773047, 0.3969356, 0.9170707, 0.006541891, 
-0.1456503, -0.9101081, 0.3879296, -0.2569541, 
0, 0, 0, 1
);}


if(boneIndex == 6){ return mat4(
0.966155, -0.2381099, 0.09923792, -0.0777142, 
-0.09472788, 0.03033905, 0.9950408, 0.02476891, 
-0.2399398, -0.9707645, 0.006756561, -0.1910074, 
0, 0, 0, 1
);}


if(boneIndex == 7){ return mat4(
0.9259423, -0.3755932, -0.03950637, -0.0027503, 
0.06572973, 0.05725879, 0.9961932, -0.0658607, 
-0.3719013, -0.9250141, 0.07770594, -0.1569711, 
0, 0, 0, 1
);}


if(boneIndex == 8){ return mat4(
0.8906314, -0.4501851, 0.06409966, -0.1413982, 
0.06804581, 0.2713209, 0.9600804, -0.02023854, 
-0.4496057, -0.8507162, 0.2722801, -0.4204376, 
0, 0, 0, 1
);}


if(boneIndex == 9){ return mat4(
0.8380734, -0.5082409, 0.198303, -0.3443992, 
0.08159702, 0.4761722, 0.875558, 0.1058088, 
-0.5394208, -0.7176012, 0.4405383, -0.6771592, 
0, 0, 0, 1
);}


if(boneIndex == 10){ return mat4(
0.7881288, -0.5802147, 0.2054352, -0.3548169, 
0.09657663, 0.4462005, 0.8897069, 0.08242065, 
-0.6078862, -0.6813635, 0.4076986, -0.6220701, 
0, 0, 0, 1
);}


if(boneIndex == 11){ return mat4(
0.619213, -0.7182501, -0.3173192, 0.4740466, 
0.1132853, -0.3181705, 0.9412402, 0.0515593, 
-0.7770076, -0.6187759, -0.1156481, 0.1946098, 
0, 0, 0, 1
);}


if(boneIndex == 12){ return mat4(
-0.379835, -0.4904435, -0.7843404, 0.6936989, 
0.02079752, -0.8521993, 0.5228036, 0.6080027, 
-0.9248199, 0.1822671, 0.333895, -0.5139535, 
0, 0, 0, 1
);}


if(boneIndex == 13){ return mat4(
-0.5241027, -0.2409414, -0.8168617, 0.6784579, 
0.8002545, 0.1888442, -0.5691488, 2.344231, 
0.2913912, -0.9519898, 0.09384116, 0.2854179, 
0, 0, 0, 1
);}


if(boneIndex == 14){ return mat4(
-0.6212711, -0.2409414, -0.7456332, 0.5488853, 
0.7235728, 0.1888444, -0.6639126, 2.394673, 
0.3007726, -0.9519897, 0.05701536, 0.3282179, 
0, 0, 0, 1
);}


if(boneIndex == 15){ return mat4(
-0.6884686, 0.1863173, -0.7009254, 0.5194538, 
0.609124, -0.3760398, -0.698256, 2.324225, 
-0.3936728, -0.9076779, 0.1454014, -0.1076153, 
0, 0, 0, 1
);}


if(boneIndex == 16){ return mat4(
0.9236136, -0.3445938, 0.1679074, -0.296417, 
0.0002517574, 0.4385746, 0.8986946, 0.06715073, 
-0.3833245, -0.8300045, 0.4051602, -0.6138768, 
0, 0, 0, 1
);}


if(boneIndex == 17){ return mat4(
0.9984812, -0.04277596, -0.0347149, 0.07167523, 
0.04265838, 0.2016039, 0.9785376, -0.07850529, 
-0.03485927, -0.9785325, 0.2031226, -0.2491693, 
0, 0, 0, 1
);}


if(boneIndex == 18){ return mat4(
0.7240455, -0.6319615, 0.2763737, -0.4744572, 
0.09972034, 0.4923839, 0.8646467, 0.1240121, 
-0.6825058, -0.5984834, 0.4195279, -0.6442283, 
0, 0, 0, 1
);}


if(boneIndex == 19){ return mat4(
0.92281, -0.353417, 0.1533548, -0.3365305, 
0.01108819, 0.4222606, 0.9064065, 0.08049266, 
-0.3850954, -0.8347408, 0.393585, -0.6550008, 
0, 0, 0, 1
);}


if(boneIndex == 20){ return mat4(
0.8023106, -0.2002145, 0.5623273, -0.8505059, 
-0.5228758, -0.6901471, 0.5002978, 0.9010066, 
0.2879216, -0.6954216, -0.6583996, 0.494809, 
0, 0, 0, 1
);}


if(boneIndex == 21){ return mat4(
0.7535021, -0.2670113, 0.6007823, -0.8735225, 
-0.4573356, -0.8693656, 0.1872105, 1.189073, 
0.4723123, -0.4158224, -0.7771827, 0.5557021, 
0, 0, 0, 1
);}


if(boneIndex == 22){ return mat4(
0.7535019, -0.2670111, 0.6007825, -0.8735224, 
-0.4573353, -0.8693657, 0.1872105, 1.189073, 
0.4723123, -0.4158223, -0.7771827, 0.5557019, 
0, 0, 0, 1
);}


if(boneIndex == 23){ return mat4(
0.7535021, -0.2670111, 0.6007823, -0.8735226, 
-0.4573353, -0.8693659, 0.1872103, 1.189073, 
0.4723123, -0.4158227, -0.7771828, 0.5557024, 
0, 0, 0, 1
);}


if(boneIndex == 24){ return mat4(
0.947008, 0.3200125, 0.02770707, 0.2244957, 
-0.3210094, 0.9398443, 0.116816, 1.241675, 
0.01134212, -0.11952, 0.9927672, 0.005716985, 
0, 0, 0, 1
);}


if(boneIndex == 25){ return mat4(
0.9470082, 0.3200123, 0.02770717, 0.2227122, 
-0.3210093, 0.9398441, 0.1168172, 1.246099, 
0.0113425, -0.1195212, 0.9927671, 0.2798228, 
0, 0, 0, 1
);}


if(boneIndex == 0){ return mat4(
0.8866991, -0.4555404, -0.07904285, 0.04204356, 
-0.04198296, -0.2495844, 0.9674426, -0.03196416, 
-0.460437, -0.854512, -0.2404311, 0.2227861, 
0, 0, 0, 1
);}


if(boneIndex == 1){ return mat4(
0.8099251, -0.5660583, 0.1536222, -0.2118136, 
-0.511571, -0.5536327, 0.6571044, 0.2488703, 
-0.2869091, -0.6107939, -0.7379797, 0.7665976, 
0, 0, 0, 1
);}


if(boneIndex == 2){ return mat4(
0.9902099, -0.01561624, 0.1387124, -0.1621252, 
-0.1264677, 0.3202481, 0.9388544, 0.1536039, 
-0.05908387, -0.9472051, 0.3151377, 0.1409358, 
0, 0, 0, 1
);}


if(boneIndex == 3){ return mat4(
0.9985544, 1.29026E-05, 0.05375241, -0.1508311, 
-0.0496805, 0.3820134, 0.9228206, 0.1630723, 
-0.02052234, -0.924157, 0.3814617, 0.1365162, 
0, 0, 0, 1
);}


if(boneIndex == 4){ return mat4(
0.9578295, -0.2846433, -0.03925354, -0.009934478, 
0.01335342, -0.09236827, 0.9956353, -0.06975336, 
-0.2870267, -0.9541732, -0.08467202, 0.03974018, 
0, 0, 0, 1
);}


if(boneIndex == 5){ return mat4(
0.9884489, -0.125122, 0.08551921, -0.08530552, 
-0.02474749, 0.4234495, 0.9055817, 0.006384867, 
-0.1495213, -0.8972372, 0.4154619, -0.2824437, 
0, 0, 0, 1
);}


if(boneIndex == 6){ return mat4(
0.9658009, -0.2372293, 0.1046464, -0.07838485, 
-0.09915948, 0.03497859, 0.9944564, 0.02687092, 
-0.2395747, -0.9708238, 0.01025881, -0.2132746, 
0, 0, 0, 1
);}


if(boneIndex == 7){ return mat4(
0.9218433, -0.3850425, -0.04413141, -0.0005316812, 
0.0733583, 0.06154153, 0.995405, -0.06896412, 
-0.3805573, -0.9208446, 0.08497777, -0.1658213, 
0, 0, 0, 1
);}


if(boneIndex == 8){ return mat4(
0.8887964, -0.4547381, 0.05704468, -0.135973, 
0.07834281, 0.2733879, 0.958708, -0.02252224, 
-0.4515565, -0.8476273, 0.2786117, -0.4280044, 
0, 0, 0, 1
);}


if(boneIndex == 9){ return mat4(
0.8394496, -0.5097307, 0.188412, -0.3347038, 
0.09267379, 0.4758996, 0.8746033, 0.1029164, 
-0.5354774, -0.7167246, 0.4467326, -0.6844937, 
0, 0, 0, 1
);}


if(boneIndex == 10){ return mat4(
0.7896448, -0.5815696, 0.1955452, -0.3451266, 
0.1076159, 0.4450406, 0.8890206, 0.07909206, 
-0.6040528, -0.6809669, 0.4140101, -0.6295928, 
0, 0, 0, 1
);}


if(boneIndex == 11){ return mat4(
0.6264231, -0.7017156, -0.3393949, 0.5039084, 
0.1244172, -0.3398172, 0.9322251, 0.0632761, 
-0.7694893, -0.626194, -0.1255638, 0.2151134, 
0, 0, 0, 1
);}


if(boneIndex == 12){ return mat4(
-0.3831843, -0.4754684, -0.7918959, 0.6996565, 
0.009018692, -0.8592199, 0.5115265, 0.6128346, 
-0.9236273, 0.1888674, 0.3335278, -0.5096428, 
0, 0, 0, 1
);}


if(boneIndex == 13){ return mat4(
-0.520853, -0.2366232, -0.8201958, 0.6821967, 
0.8043237, 0.1858288, -0.5643848, 2.340522, 
0.2859628, -0.9536647, 0.09353269, 0.2851534, 
0, 0, 0, 1
);}


if(boneIndex == 14){ return mat4(
-0.6184596, -0.2366232, -0.7493442, 0.5527461, 
0.7282009, 0.1858289, -0.6596895, 2.391842, 
0.2953478, -0.9536644, 0.05738185, 0.327273, 
0, 0, 0, 1
);}


if(boneIndex == 15){ return mat4(
-0.6838493, 0.1874713, -0.7051271, 0.5244561, 
0.6109835, -0.3811053, -0.6938708, 2.319589, 
-0.3988082, -0.9053243, 0.1460771, -0.1083402, 
0, 0, 0, 1
);}


if(boneIndex == 16){ return mat4(
0.92444, -0.3450164, 0.1624022, -0.2942509, 
0.003081796, 0.4326316, 0.9015654, 0.05785303, 
-0.3813153, -0.8329425, 0.4010053, -0.6034127, 
0, 0, 0, 1
);}


if(boneIndex == 17){ return mat4(
0.998454, -0.04263027, -0.03566667, 0.06560739, 
0.04299117, 0.1855728, 0.9816894, -0.08836345, 
-0.03523108, -0.9817052, 0.1871187, -0.2172724, 
0, 0, 0, 1
);}


if(boneIndex == 18){ return mat4(
0.7258365, -0.6340753, 0.2666644, -0.4650565, 
0.1106304, 0.4902296, 0.8645438, 0.1197136, 
-0.6789129, -0.5980159, 0.4259745, -0.6519831, 
0, 0, 0, 1
);}


if(boneIndex == 19){ return mat4(
0.9230674, -0.3545716, 0.1490816, -0.3357696, 
0.01555077, 0.4216742, 0.9066139, 0.07707415, 
-0.3843235, -0.8345474, 0.3947476, -0.6534026, 
0, 0, 0, 1
);}


if(boneIndex == 20){ return mat4(
0.8074138, -0.2075426, 0.5522765, -0.8435607, 
-0.5220577, -0.6873994, 0.5049138, 0.8929142, 
0.2748431, -0.6959944, -0.6633648, 0.5103579, 
0, 0, 0, 1
);}


if(boneIndex == 21){ return mat4(
0.7499205, -0.2707154, 0.6035997, -0.8755733, 
-0.459351, -0.8696919, 0.1806462, 1.194446, 
0.4760418, -0.4127343, -0.776553, 0.5563813, 
0, 0, 0, 1
);}


if(boneIndex == 22){ return mat4(
0.7499203, -0.2707151, 0.6035998, -0.875573, 
-0.4593507, -0.8696919, 0.1806462, 1.194446, 
0.476042, -0.4127341, -0.776553, 0.556381, 
0, 0, 0, 1
);}


if(boneIndex == 23){ return mat4(
0.7499205, -0.2707151, 0.6035995, -0.8755733, 
-0.4593508, -0.869692, 0.180646, 1.194446, 
0.4760419, -0.4127344, -0.7765532, 0.5563816, 
0, 0, 0, 1
);}


if(boneIndex == 24){ return mat4(
0.9452365, 0.3253483, 0.02601161, 0.223997, 
-0.3260437, 0.9375898, 0.1209187, 1.238788, 
0.01495233, -0.1227776, 0.9923218, 0.0087738, 
0, 0, 0, 1
);}


if(boneIndex == 25){ return mat4(
0.9452365, 0.3253482, 0.02601177, 0.2215957, 
-0.3260435, 0.9375896, 0.1209199, 1.244396, 
0.0149526, -0.1227788, 0.9923217, 0.2828532, 
0, 0, 0, 1
);}


